[0, 0, 0, 0, 0, 1, 0]2014-03-03 13:18:51
[0, 0, 1, 0, 0, 1, 0]2014-03-03 13:19:01
[0, 0, 1, 0, 1, 1, 0]2014-03-03 13:19:50
[0, 0, 1, 0, 2, 1, 0]2014-03-03 13:20:15
[0, 0, 2, 0, 2, 1, 0]2014-03-03 13:20:27
[0, 0, 2, 0, 3, 1, 0]2014-03-03 13:20:54
[0, 0, 2, 0, 3, 2, 0]2014-03-03 13:21:10
[0, 0, 3, 0, 3, 2, 0]2014-03-03 13:21:52
[1, 0, 3, 0, 3, 2, 0]2014-03-03 13:22:41
[1, 0, 4, 0, 3, 2, 0]2014-03-03 13:23:19
[1, 0, 4, 0, 3, 3, 0]2014-03-03 13:23:25
[1, 0, 4, 0, 4, 3, 0]2014-03-03 13:23:30
[1, 0, 5, 0, 4, 3, 0]2014-03-03 13:23:41
[1, 0, 6, 0, 4, 3, 0]2014-03-03 13:24:07
[1, 0, 7, 0, 4, 3, 0]2014-03-03 13:24:38
[1, 0, 8, 0, 4, 3, 0]2014-03-03 13:25:31
[1, 0, 8, 0, 5, 3, 0]2014-03-03 13:25:42
[1, 0, 8, 0, 6, 3, 0]2014-03-03 13:25:48
[1, 0, 8, 0, 6, 4, 0]2014-03-03 13:26:05
[0, 0, 0, 0, 1, 0, 0]2014-03-03 13:26:47
[0, 0, 0, 1, 1, 0, 0]2014-03-03 13:27:14
[0, 0, 0, 1, 1, 1, 0]2014-03-03 13:28:11
[0, 0, 0, 2, 1, 1, 0]2014-03-03 13:28:17
[1, 0, 0, 2, 1, 1, 0]2014-03-03 13:28:25
[1, 0, 1, 2, 1, 1, 0]2014-03-03 13:28:31
[1, 0, 1, 2, 1, 1, 1]2014-03-03 13:28:35
[1, 0, 1, 2, 1, 2, 1]2014-03-03 13:29:13
[1, 0, 1, 3, 1, 2, 1]2014-03-03 13:29:37
[2, 0, 1, 3, 1, 2, 1]2014-03-03 13:29:49
[2, 0, 1, 3, 1, 3, 1]2014-03-03 13:30:17
[2, 0, 1, 4, 1, 3, 1]2014-03-03 13:30:36
[2, 0, 2, 4, 1, 3, 1]2014-03-03 13:31:01
[2, 0, 3, 4, 1, 3, 1]2014-03-03 13:31:30
[2, 1, 3, 4, 1, 3, 1]2014-03-03 13:31:53
[2, 1, 4, 4, 1, 3, 1]2014-03-03 13:32:03
[2, 1, 5, 4, 1, 3, 1]2014-03-03 13:32:40
[2, 1, 5, 4, 2, 3, 1]2014-03-03 13:32:43
[2, 1, 6, 4, 2, 3, 1]2014-03-03 13:32:52
[2, 1, 6, 4, 3, 3, 1]2014-03-03 13:33:20
[3, 1, 6, 4, 3, 3, 1]2014-03-03 13:33:47
