[0, 0, 1, 0, 0, 0, 0]
[0, 0, 0, 2, 2, 1, 0]
[0, 0, 5, 2, 2, 1, 0]
[0, 0, 0, 2, 2, 1, 0]
[0, 0, 5, 2, 2, 1, 0]
[0, 0, 1, 0, 0, 0, 0]
[0, 0, 0, 0, 0, 0, 0]
[0, 0, 1, 0, 0, 0, 0]
2014-03-03 12:51:45
[0, 0, 0, 0, 0, 0, 0]
[0, 0, 1, 0, 0, 0, 0]
[0, 0, 0, 1, 0, 0, 0]
[0, 0, 1, 0, 0, 0, 0]
[0, 0, 1, 1, 0, 0, 0]
2014-03-03 12:52:02
[0, 0, 1, 0, 0, 0, 0]
[0, 0, 1, 1, 0, 0, 0]
[0, 0, 1, 0, 0, 0, 0]
[0, 0, 0, 0, 0, 0, 0]
[0, 0, 1, 0, 0, 0, 0]
2014-03-03 12:53:49
[0, 0, 0, 0, 0, 0, 0]
[0, 0, 1, 0, 0, 0, 0]
[0, 0, 0, 1, 0, 0, 0]
[0, 0, 1, 0, 0, 0, 0]
[0, 0, 1, 1, 0, 0, 0]
2014-03-03 12:53:53
[0, 0, 1, 0, 0, 0, 0]
[0, 0, 1, 1, 0, 0, 0]
[0, 0, 0, 0, 0, 0, 1]
[0, 0, 1, 1, 0, 0, 0]
[0, 0, 1, 1, 0, 0, 1]
2014-03-03 12:53:57
[0, 0, 1, 1, 0, 0, 0]
[0, 0, 1, 1, 0, 0, 1]
[0, 0, 0, 0, 1, 0, 0]
[0, 0, 1, 1, 0, 0, 1]
[0, 0, 1, 1, 1, 0, 1]
2014-03-03 12:54:00
[0, 0, 1, 1, 0, 0, 1]
[0, 0, 1, 1, 1, 0, 1]
[0, 0, 0, 0, 1, 0, 0]
[0, 0, 1, 1, 0, 0, 1]
[0, 0, 1, 1, 2, 0, 1]
2014-03-03 12:54:19
[0, 0, 1, 1, 0, 0, 1]
[0, 0, 1, 1, 2, 0, 1]
[0, 0, 0, 1, 0, 0, 0]
[0, 0, 1, 0, 2, 0, 1]
[0, 0, 1, 2, 2, 0, 1]
2014-03-03 12:54:32
[0, 0, 1, 0, 2, 0, 1]
[0, 0, 1, 2, 2, 0, 1]
[0, 0, 0, 1, 0, 0, 0]
[0, 0, 0, 0, 0, 0, 0]
[0, 0, 0, 1, 0, 0, 0]
2014-03-03 12:55:25
[0, 0, 0, 0, 0, 0, 0]
[0, 0, 0, 1, 0, 0, 0]
[0, 0, 0, 0, 1, 0, 0]
[0, 0, 0, 0, 0, 0, 0]
[0, 0, 0, 0, 1, 0, 0]
2014-03-03 12:56:13
[0, 0, 0, 0, 0, 0, 0]
[0, 0, 0, 0, 1, 0, 0]
[0, 0, 0, 1, 0, 0, 0]
[0, 0, 0, 0, 1, 0, 0]
[0, 0, 0, 1, 1, 0, 0]
2014-03-03 12:56:27
[0, 0, 0, 0, 1, 0, 0]
[0, 0, 0, 1, 1, 0, 0]
[0, 1, 0, 0, 0, 0, 0]
[0, 0, 0, 1, 1, 0, 0]
[0, 1, 0, 1, 1, 0, 0]
2014-03-03 12:56:48
[0, 0, 0, 1, 1, 0, 0]
[0, 1, 0, 1, 1, 0, 0]
[0, 0, 0, 1, 0, 0, 0]
[0, 1, 0, 0, 1, 0, 0]
[0, 1, 0, 2, 1, 0, 0]
2014-03-03 12:57:29
[0, 1, 0, 0, 1, 0, 0]
[0, 1, 0, 2, 1, 0, 0]
[0, 0, 0, 1, 0, 0, 0]
[0, 1, 0, 0, 1, 0, 0]
[0, 1, 0, 3, 1, 0, 0]
2014-03-03 12:57:48
[0, 1, 0, 0, 1, 0, 0]
[0, 1, 0, 3, 1, 0, 0]
[0, 0, 1, 0, 0, 0, 0]
[0, 1, 0, 3, 1, 0, 0]
[0, 1, 1, 3, 1, 0, 0]
2014-03-03 12:58:06
[0, 1, 0, 3, 1, 0, 0]
[0, 1, 1, 3, 1, 0, 0]
[0, 0, 1, 0, 0, 0, 0]
[0, 1, 0, 3, 1, 0, 0]
[0, 1, 2, 3, 1, 0, 0]
2014-03-03 12:58:45
[0, 1, 0, 3, 1, 0, 0]
[0, 1, 2, 3, 1, 0, 0]
[0, 1, 0, 0, 0, 0, 0]
[0, 0, 2, 3, 1, 0, 0]
[0, 2, 2, 3, 1, 0, 0]
2014-03-03 12:59:01
[0, 0, 2, 3, 1, 0, 0]
[0, 2, 2, 3, 1, 0, 0]
[0, 0, 0, 0, 1, 0, 0]
[0, 2, 2, 3, 0, 0, 0]
[0, 2, 2, 3, 2, 0, 0]
2014-03-03 12:59:07
[0, 2, 2, 3, 0, 0, 0]
[0, 2, 2, 3, 2, 0, 0]
[0, 0, 1, 0, 0, 0, 0]
[0, 2, 0, 3, 2, 0, 0]
[0, 2, 3, 3, 2, 0, 0]
2014-03-03 12:59:20
[0, 2, 0, 3, 2, 0, 0]
[0, 2, 3, 3, 2, 0, 0]
[0, 0, 1, 0, 0, 0, 0]
[0, 2, 0, 3, 2, 0, 0]
[0, 2, 4, 3, 2, 0, 0]
2014-03-03 12:59:34
[0, 2, 0, 3, 2, 0, 0]
[0, 2, 4, 3, 2, 0, 0]
[0, 0, 0, 0, 1, 0, 0]
[0, 2, 4, 3, 0, 0, 0]
[0, 2, 4, 3, 3, 0, 0]
2014-03-03 12:59:37
[0, 2, 4, 3, 0, 0, 0]
[0, 2, 4, 3, 3, 0, 0]
[0, 0, 0, 0, 1, 0, 0]
[0, 2, 4, 3, 0, 0, 0]
[0, 2, 4, 3, 4, 0, 0]
2014-03-03 12:59:47
[0, 2, 4, 3, 0, 0, 0]
[0, 2, 4, 3, 4, 0, 0]
[0, 1, 0, 0, 0, 0, 0]
[0, 0, 4, 3, 4, 0, 0]
[0, 3, 4, 3, 4, 0, 0]
2014-03-03 12:59:50
[0, 0, 4, 3, 4, 0, 0]
[0, 3, 4, 3, 4, 0, 0]
[0, 0, 0, 0, 1, 0, 0]
[0, 3, 4, 3, 0, 0, 0]
[0, 3, 4, 3, 5, 0, 0]
2014-03-03 13:00:03
[0, 3, 4, 3, 0, 0, 0]
[0, 3, 4, 3, 5, 0, 0]
[0, 0, 0, 0, 0, 0, 1]
[0, 0, 0, 0, 0, 0, 0]
[0, 0, 0, 0, 0, 0, 1]
2014-03-03 13:02:15
[0, 0, 0, 0, 0, 0, 0]
[0, 0, 0, 0, 0, 0, 1]
[0, 0, 0, 0, 1, 0, 0]
[0, 0, 0, 0, 0, 0, 1]
[0, 0, 0, 0, 1, 0, 1]
2014-03-03 13:02:20
[0, 0, 0, 0, 0, 0, 1]
[0, 0, 0, 0, 1, 0, 1]
[0, 0, 0, 1, 0, 0, 0]
[0, 0, 0, 0, 1, 0, 1]
[0, 0, 0, 1, 1, 0, 1]
2014-03-03 13:02:23
[0, 0, 0, 0, 1, 0, 1]
[0, 0, 0, 1, 1, 0, 1]
[0, 0, 0, 0, 0, 0, 1]
[0, 0, 0, 1, 1, 0, 0]
[0, 0, 0, 1, 1, 0, 2]
2014-03-03 13:02:35
[0, 0, 0, 1, 1, 0, 0]
[0, 0, 0, 1, 1, 0, 2]
[0, 0, 0, 1, 0, 0, 0]
[0, 0, 0, 0, 1, 0, 2]
[0, 0, 0, 2, 1, 0, 2]
2014-03-03 13:02:41
[0, 0, 0, 0, 1, 0, 2]
[0, 0, 0, 2, 1, 0, 2]
[0, 1, 0, 0, 0, 0, 0]
[0, 0, 0, 2, 1, 0, 2]
[0, 1, 0, 2, 1, 0, 2]
2014-03-03 13:02:50
[0, 0, 0, 2, 1, 0, 2]
[0, 1, 0, 2, 1, 0, 2]
[0, 0, 0, 1, 0, 0, 0]
[0, 1, 0, 0, 1, 0, 2]
[0, 1, 0, 3, 1, 0, 2]
2014-03-03 13:02:55
[0, 1, 0, 0, 1, 0, 2]
[0, 1, 0, 3, 1, 0, 2]
[0, 0, 0, 1, 0, 0, 0]
[0, 1, 0, 0, 1, 0, 2]
[0, 1, 0, 4, 1, 0, 2]
2014-03-03 13:03:13
[0, 1, 0, 0, 1, 0, 2]
[0, 1, 0, 4, 1, 0, 2]
[1, 0, 0, 0, 0, 0, 0]
[0, 0, 0, 0, 0, 0, 0]
[1, 0, 0, 0, 0, 0, 0]
[0, 0, 0, 0, 0, 0, 0]
[1, 0, 0, 0, 0, 0, 0]
[1, 0, 0, 0, 0, 0, 0]
[0, 0, 0, 0, 0, 0, 0]
[1, 0, 0, 0, 0, 0, 0]
[0, 0, 0, 0, 0, 0, 0]
[1, 0, 0, 0, 0, 0, 0]
[0, 0, 0, 0, 0, 1, 0]
[1, 0, 0, 0, 0, 0, 0]
[1, 0, 0, 0, 0, 1, 0]
[1, 0, 0, 0, 0, 0, 0]
[1, 0, 0, 0, 0, 1, 0]
[0, 0, 0, 0, 1, 0, 0]
[1, 0, 0, 0, 0, 1, 0]
[1, 0, 0, 0, 1, 1, 0]
[1, 0, 0, 0, 0, 1, 0]
[1, 0, 0, 0, 1, 1, 0]
[1, 0, 0, 0, 0, 0, 0]
[0, 0, 0, 0, 1, 1, 0]
[2, 0, 0, 0, 1, 1, 0]
[0, 0, 0, 0, 1, 1, 0]
[2, 0, 0, 0, 1, 1, 0]
[0, 0, 0, 0, 1, 0, 0]
[2, 0, 0, 0, 0, 1, 0]
[2, 0, 0, 0, 2, 1, 0]
[2, 0, 0, 0, 0, 1, 0]
[2, 0, 0, 0, 2, 1, 0]
[0, 0, 0, 1, 0, 0, 0]
[2, 0, 0, 0, 2, 1, 0]
[2, 0, 0, 1, 2, 1, 0]
[2, 0, 0, 0, 2, 1, 0]
[2, 0, 0, 1, 2, 1, 0]
[0, 0, 1, 0, 0, 0, 0]
[2, 0, 0, 1, 2, 1, 0]
[2, 0, 1, 1, 2, 1, 0]
[2, 0, 0, 1, 2, 1, 0]
[2, 0, 1, 1, 2, 1, 0]
[0, 0, 0, 0, 0, 0, 1]
[2, 0, 1, 1, 2, 1, 0]
[2, 0, 1, 1, 2, 1, 1]
[2, 0, 1, 1, 2, 1, 0]
[2, 0, 1, 1, 2, 1, 1]
[0, 1, 0, 0, 0, 0, 0]
[2, 0, 1, 1, 2, 1, 1]
[2, 1, 1, 1, 2, 1, 1]
[2, 0, 1, 1, 2, 1, 1]
[2, 1, 1, 1, 2, 1, 1]
[0, 0, 0, 1, 0, 0, 0]
[2, 1, 1, 0, 2, 1, 1]
[2, 1, 1, 2, 2, 1, 1]
[2, 1, 1, 0, 2, 1, 1]
[2, 1, 1, 2, 2, 1, 1]
[0, 0, 0, 1, 0, 0, 0]
[0, 0, 0, 0, 0, 0, 0]
[0, 0, 0, 0, 0, 0, 0]
[0, 0, 0, 0, 0, 0, 0]
[0, 0, 0, 0, 0, 0, 0]
[0, 0, 0, 0, 0, 1, 0]
[0, 0, 0, 0, 0, 0, 0]
[0, 0, 0, 0, 0, 1, 0]
[0, 0, 0, 0, 0, 0, 0]
[0, 0, 0, 0, 0, 1, 0]
[0, 0, 0, 1, 0, 0, 0]
[0, 0, 0, 0, 0, 1, 0]
[0, 0, 0, 1, 0, 1, 0]
[0, 0, 0, 0, 0, 1, 0]
[0, 0, 0, 1, 0, 1, 0]
[0, 0, 0, 1, 0, 0, 0]
[0, 0, 0, 0, 0, 1, 0]
[0, 0, 0, 2, 0, 1, 0]
[0, 0, 0, 0, 0, 1, 0]
[0, 0, 0, 2, 0, 1, 0]
[0, 0, 0, 1, 0, 0, 0]
[0, 0, 0, 0, 0, 0, 0]
[0, 0, 0, 1, 0, 0, 0]
[0, 0, 0, 0, 0, 0, 0]
[0, 0, 0, 1, 0, 0, 0]
[0, 0, 0, 1, 0, 0, 0]
[0, 0, 0, 0, 0, 0, 0]
[0, 0, 0, 1, 0, 0, 0]
[0, 0, 0, 0, 0, 0, 0]
[0, 0, 0, 1, 0, 0, 0]
[0, 0, 0, 0, 0, 0, 1]
[0, 0, 0, 1, 0, 0, 0]
[0, 0, 0, 1, 0, 0, 1]
[0, 0, 0, 1, 0, 0, 0]
[0, 0, 0, 1, 0, 0, 1]
[0, 0, 0, 0, 0, 1, 0]
[0, 0, 0, 1, 0, 0, 1]
[0, 0, 0, 1, 0, 1, 1]
[0, 0, 0, 1, 0, 0, 1]
[0, 0, 0, 1, 0, 1, 1]
[0, 0, 1, 0, 0, 0, 0]
[0, 0, 0, 1, 0, 1, 1]
[0, 0, 1, 1, 0, 1, 1]
[0, 0, 0, 1, 0, 1, 1]
[0, 0, 1, 1, 0, 1, 1]
[0, 0, 0, 0, 1, 0, 0]
[0, 0, 1, 1, 0, 1, 1]
[0, 0, 1, 1, 1, 1, 1]
[0, 0, 1, 1, 0, 1, 1]
[0, 0, 1, 1, 1, 1, 1]
[0, 1, 0, 0, 0, 0, 0]
[0, 0, 1, 1, 1, 1, 1]
[0, 1, 1, 1, 1, 1, 1]
[0, 0, 1, 1, 1, 1, 1]
[0, 1, 1, 1, 1, 1, 1]
[0, 0, 0, 0, 1, 0, 0]
[0, 1, 1, 1, 0, 1, 1]
[0, 1, 1, 1, 2, 1, 1]
[0, 1, 1, 1, 0, 1, 1]
[0, 1, 1, 1, 2, 1, 1]
[0, 0, 0, 0, 1, 0, 0]
[0, 0, 0, 0, 0, 0, 0]
[0, 0, 0, 0, 0, 0, 0]
[0, 0, 0, 0, 0, 0, 0]
[0, 0, 0, 0, 0, 0, 0]
[0, 0, 0, 0, 1, 0, 0]
[0, 0, 0, 0, 0, 0, 0]
[0, 0, 0, 0, 1, 0, 0]
[0, 0, 0, 0, 0, 0, 0]
[0, 0, 0, 0, 1, 0, 0]
[0, 0, 0, 0, 0, 1, 0]
[0, 0, 0, 0, 1, 0, 0]
[0, 0, 0, 0, 1, 1, 0]
[0, 0, 0, 0, 1, 0, 0]
[0, 0, 0, 0, 1, 1, 0]
[0, 0, 0, 0, 0, 1, 0]
[0, 0, 0, 0, 0, 0, 0]
[0, 0, 0, 0, 0, 1, 0]
[0, 0, 0, 0, 0, 0, 0]
[0, 0, 0, 0, 0, 1, 0]
[0, 0, 0, 1, 0, 0, 0]
[0, 0, 0, 0, 0, 0, 0]
[0, 0, 0, 1, 0, 0, 0]
[0, 0, 0, 0, 0, 0, 0]
[0, 0, 0, 1, 0, 0, 0]
[0, 0, 0, 1, 0, 0, 0]
[0, 0, 0, 0, 0, 0, 0]
[0, 0, 0, 2, 0, 0, 0]
[0, 0, 0, 0, 0, 0, 0]
[0, 0, 0, 2, 0, 0, 0]
[0, 0, 0, 1, 0, 0, 0]
[0, 0, 0, 0, 0, 0, 0]
[0, 0, 0, 3, 0, 0, 0]
[0, 0, 0, 0, 0, 0, 0]
[0, 0, 0, 3, 0, 0, 0]
[0, 0, 0, 0, 0, 0, 1]
[0, 0, 0, 3, 0, 0, 0]
[0, 0, 0, 3, 0, 0, 1]
[0, 0, 0, 3, 0, 0, 0]
[0, 0, 0, 3, 0, 0, 1]
[0, 0, 0, 1, 0, 0, 0]
[0, 0, 0, 0, 0, 0, 1]
[0, 0, 0, 4, 0, 0, 1]
[0, 0, 0, 0, 0, 0, 1]
[0, 0, 0, 4, 0, 0, 1]
[0, 0, 0, 0, 1, 0, 0]
[0, 0, 0, 4, 0, 0, 1]
[0, 0, 0, 4, 1, 0, 1]
[0, 0, 0, 4, 0, 0, 1]
[0, 0, 0, 4, 1, 0, 1]
[0, 0, 0, 0, 1, 0, 0]
[0, 0, 0, 4, 0, 0, 1]
[0, 0, 0, 4, 2, 0, 1]
[0, 0, 0, 4, 0, 0, 1]
[0, 0, 0, 4, 2, 0, 1]
[0, 0, 0, 1, 0, 0, 0]
[0, 0, 0, 0, 2, 0, 1]
[0, 0, 0, 5, 2, 0, 1]
[0, 0, 0, 0, 2, 0, 1]
[0, 0, 0, 5, 2, 0, 1]
[0, 0, 0, 0, 0, 0, 1]
[0, 0, 0, 5, 2, 0, 0]
[0, 0, 0, 5, 2, 0, 2]
[0, 0, 0, 5, 2, 0, 0]
[0, 0, 0, 5, 2, 0, 2]
[0, 0, 0, 1, 0, 0, 0]
[0, 0, 0, 0, 2, 0, 2]
[0, 0, 0, 6, 2, 0, 2]
[0, 0, 0, 0, 2, 0, 2]
[0, 0, 0, 6, 2, 0, 2]
[0, 0, 0, 0, 1, 0, 0]
[0, 0, 0, 6, 0, 0, 2]
[0, 0, 0, 6, 3, 0, 2]
[0, 0, 0, 6, 0, 0, 2]
[0, 0, 0, 6, 3, 0, 2]
[0, 0, 0, 0, 0, 1, 0]
[0, 0, 0, 6, 3, 0, 2]
[0, 0, 0, 6, 3, 1, 2]
[0, 0, 0, 6, 3, 0, 2]
[0, 0, 0, 6, 3, 1, 2]
[0, 0, 1, 0, 0, 0, 0]
[0, 0, 0, 6, 3, 1, 2]
[0, 0, 1, 6, 3, 1, 2]
[0, 0, 0, 6, 3, 1, 2]
[0, 0, 1, 6, 3, 1, 2]
[0, 0, 0, 1, 0, 0, 0]
[0, 0, 1, 0, 3, 1, 2]
[0, 0, 1, 7, 3, 1, 2]
[0, 0, 1, 0, 3, 1, 2]
[0, 0, 1, 7, 3, 1, 2]
[0, 0, 0, 0, 1, 0, 0]
[0, 0, 1, 7, 0, 1, 2]
[0, 0, 1, 7, 4, 1, 2]
[0, 0, 1, 7, 0, 1, 2]
[0, 0, 1, 7, 4, 1, 2]
[0, 0, 0, 1, 0, 0, 0]
[0, 0, 1, 0, 4, 1, 2]
[0, 0, 1, 8, 4, 1, 2]
[0, 0, 1, 0, 4, 1, 2]
[0, 0, 1, 8, 4, 1, 2]
[0, 0, 1, 0, 0, 0, 0]
[0, 0, 0, 8, 4, 1, 2]
[0, 0, 2, 8, 4, 1, 2]
[0, 0, 0, 8, 4, 1, 2]
[0, 0, 2, 8, 4, 1, 2]
[0, 0, 1, 0, 0, 0, 0]
[0, 0, 0, 8, 4, 1, 2]
[0, 0, 3, 8, 4, 1, 2]
[0, 0, 0, 8, 4, 1, 2]
[0, 0, 3, 8, 4, 1, 2]
[0, 1, 0, 0, 0, 0, 0]
[0, 0, 3, 8, 4, 1, 2]
[0, 1, 3, 8, 4, 1, 2]
[0, 0, 3, 8, 4, 1, 2]
[0, 1, 3, 8, 4, 1, 2]
[0, 0, 0, 0, 0, 1, 0]
[0, 0, 0, 0, 0, 0, 0]
[0, 0, 0, 0, 0, 1, 0]
[0, 0, 0, 0, 0, 0, 0]
[0, 0, 0, 0, 0, 1, 0]
[0, 0, 1, 0, 0, 0, 0]
[0, 0, 0, 0, 0, 1, 0]
[0, 0, 1, 0, 0, 1, 0]
[0, 0, 0, 0, 0, 1, 0]
[0, 0, 1, 0, 0, 1, 0]
[0, 0, 0, 0, 1, 0, 0]
[0, 0, 1, 0, 0, 1, 0]
[0, 0, 1, 0, 1, 1, 0]
[0, 0, 1, 0, 0, 1, 0]
[0, 0, 1, 0, 1, 1, 0]
[0, 0, 0, 0, 1, 0, 0]
[0, 0, 1, 0, 0, 1, 0]
[0, 0, 1, 0, 2, 1, 0]
[0, 0, 1, 0, 0, 1, 0]
[0, 0, 1, 0, 2, 1, 0]
[0, 0, 1, 0, 0, 0, 0]
[0, 0, 0, 0, 2, 1, 0]
[0, 0, 2, 0, 2, 1, 0]
[0, 0, 0, 0, 2, 1, 0]
[0, 0, 2, 0, 2, 1, 0]
[0, 0, 0, 0, 1, 0, 0]
[0, 0, 2, 0, 0, 1, 0]
[0, 0, 2, 0, 3, 1, 0]
[0, 0, 2, 0, 0, 1, 0]
[0, 0, 2, 0, 3, 1, 0]
[0, 0, 0, 0, 0, 1, 0]
[0, 0, 2, 0, 3, 0, 0]
[0, 0, 2, 0, 3, 2, 0]
[0, 0, 2, 0, 3, 0, 0]
[0, 0, 2, 0, 3, 2, 0]
[0, 0, 1, 0, 0, 0, 0]
[0, 0, 0, 0, 3, 2, 0]
[0, 0, 3, 0, 3, 2, 0]
[0, 0, 0, 0, 3, 2, 0]
[0, 0, 3, 0, 3, 2, 0]
[1, 0, 0, 0, 0, 0, 0]
[0, 0, 3, 0, 3, 2, 0]
[1, 0, 3, 0, 3, 2, 0]
[0, 0, 3, 0, 3, 2, 0]
[1, 0, 3, 0, 3, 2, 0]
[0, 0, 1, 0, 0, 0, 0]
[1, 0, 0, 0, 3, 2, 0]
[1, 0, 4, 0, 3, 2, 0]
[1, 0, 0, 0, 3, 2, 0]
[1, 0, 4, 0, 3, 2, 0]
[0, 0, 0, 0, 0, 1, 0]
[1, 0, 4, 0, 3, 0, 0]
[1, 0, 4, 0, 3, 3, 0]
[1, 0, 4, 0, 3, 0, 0]
[1, 0, 4, 0, 3, 3, 0]
[0, 0, 0, 0, 1, 0, 0]
[1, 0, 4, 0, 0, 3, 0]
[1, 0, 4, 0, 4, 3, 0]
[1, 0, 4, 0, 0, 3, 0]
[1, 0, 4, 0, 4, 3, 0]
[0, 0, 1, 0, 0, 0, 0]
[1, 0, 0, 0, 4, 3, 0]
[1, 0, 5, 0, 4, 3, 0]
[1, 0, 0, 0, 4, 3, 0]
[1, 0, 5, 0, 4, 3, 0]
[0, 0, 1, 0, 0, 0, 0]
[1, 0, 0, 0, 4, 3, 0]
[1, 0, 6, 0, 4, 3, 0]
[1, 0, 0, 0, 4, 3, 0]
[1, 0, 6, 0, 4, 3, 0]
[0, 0, 1, 0, 0, 0, 0]
[1, 0, 0, 0, 4, 3, 0]
[1, 0, 7, 0, 4, 3, 0]
[1, 0, 0, 0, 4, 3, 0]
[1, 0, 7, 0, 4, 3, 0]
[0, 0, 1, 0, 0, 0, 0]
[1, 0, 0, 0, 4, 3, 0]
[1, 0, 8, 0, 4, 3, 0]
[1, 0, 0, 0, 4, 3, 0]
[1, 0, 8, 0, 4, 3, 0]
[0, 0, 0, 0, 1, 0, 0]
[1, 0, 8, 0, 0, 3, 0]
[1, 0, 8, 0, 5, 3, 0]
[1, 0, 8, 0, 0, 3, 0]
[1, 0, 8, 0, 5, 3, 0]
[0, 0, 0, 0, 1, 0, 0]
[1, 0, 8, 0, 0, 3, 0]
[1, 0, 8, 0, 6, 3, 0]
[1, 0, 8, 0, 0, 3, 0]
[1, 0, 8, 0, 6, 3, 0]
[0, 0, 0, 0, 0, 1, 0]
[1, 0, 8, 0, 6, 0, 0]
[1, 0, 8, 0, 6, 4, 0]
[1, 0, 8, 0, 6, 0, 0]
[1, 0, 8, 0, 6, 4, 0]
[0, 0, 0, 0, 1, 0, 0]
[0, 0, 0, 0, 0, 0, 0]
[0, 0, 0, 0, 1, 0, 0]
[0, 0, 0, 0, 0, 0, 0]
[0, 0, 0, 0, 1, 0, 0]
[0, 0, 0, 1, 0, 0, 0]
[0, 0, 0, 0, 1, 0, 0]
[0, 0, 0, 1, 1, 0, 0]
[0, 0, 0, 0, 1, 0, 0]
[0, 0, 0, 1, 1, 0, 0]
[0, 0, 0, 0, 0, 1, 0]
[0, 0, 0, 1, 1, 0, 0]
[0, 0, 0, 1, 1, 1, 0]
[0, 0, 0, 1, 1, 0, 0]
[0, 0, 0, 1, 1, 1, 0]
[0, 0, 0, 1, 0, 0, 0]
[0, 0, 0, 0, 1, 1, 0]
[0, 0, 0, 2, 1, 1, 0]
[0, 0, 0, 0, 1, 1, 0]
[0, 0, 0, 2, 1, 1, 0]
[1, 0, 0, 0, 0, 0, 0]
[0, 0, 0, 2, 1, 1, 0]
[1, 0, 0, 2, 1, 1, 0]
[0, 0, 0, 2, 1, 1, 0]
[1, 0, 0, 2, 1, 1, 0]
[0, 0, 1, 0, 0, 0, 0]
[1, 0, 0, 2, 1, 1, 0]
[1, 0, 1, 2, 1, 1, 0]
[1, 0, 0, 2, 1, 1, 0]
[1, 0, 1, 2, 1, 1, 0]
[0, 0, 0, 0, 0, 0, 1]
[1, 0, 1, 2, 1, 1, 0]
[1, 0, 1, 2, 1, 1, 1]
[1, 0, 1, 2, 1, 1, 0]
[1, 0, 1, 2, 1, 1, 1]
[0, 0, 0, 0, 0, 1, 0]
[1, 0, 1, 2, 1, 0, 1]
[1, 0, 1, 2, 1, 2, 1]
[1, 0, 1, 2, 1, 0, 1]
[1, 0, 1, 2, 1, 2, 1]
[0, 0, 0, 1, 0, 0, 0]
[1, 0, 1, 0, 1, 2, 1]
[1, 0, 1, 3, 1, 2, 1]
[1, 0, 1, 0, 1, 2, 1]
[1, 0, 1, 3, 1, 2, 1]
[1, 0, 0, 0, 0, 0, 0]
[0, 0, 1, 3, 1, 2, 1]
[2, 0, 1, 3, 1, 2, 1]
[0, 0, 1, 3, 1, 2, 1]
[2, 0, 1, 3, 1, 2, 1]
[0, 0, 0, 0, 0, 1, 0]
[2, 0, 1, 3, 1, 0, 1]
[2, 0, 1, 3, 1, 3, 1]
[2, 0, 1, 3, 1, 0, 1]
[2, 0, 1, 3, 1, 3, 1]
[0, 0, 0, 1, 0, 0, 0]
[2, 0, 1, 0, 1, 3, 1]
[2, 0, 1, 4, 1, 3, 1]
[2, 0, 1, 0, 1, 3, 1]
[2, 0, 1, 4, 1, 3, 1]
[0, 0, 1, 0, 0, 0, 0]
[2, 0, 0, 4, 1, 3, 1]
[2, 0, 2, 4, 1, 3, 1]
[2, 0, 0, 4, 1, 3, 1]
[2, 0, 2, 4, 1, 3, 1]
[0, 0, 1, 0, 0, 0, 0]
[2, 0, 0, 4, 1, 3, 1]
[2, 0, 3, 4, 1, 3, 1]
[2, 0, 0, 4, 1, 3, 1]
[2, 0, 3, 4, 1, 3, 1]
[0, 1, 0, 0, 0, 0, 0]
[2, 0, 3, 4, 1, 3, 1]
[2, 1, 3, 4, 1, 3, 1]
[2, 0, 3, 4, 1, 3, 1]
[2, 1, 3, 4, 1, 3, 1]
[0, 0, 1, 0, 0, 0, 0]
[2, 1, 0, 4, 1, 3, 1]
[2, 1, 4, 4, 1, 3, 1]
[2, 1, 0, 4, 1, 3, 1]
[2, 1, 4, 4, 1, 3, 1]
[0, 0, 1, 0, 0, 0, 0]
[2, 1, 0, 4, 1, 3, 1]
[2, 1, 5, 4, 1, 3, 1]
[2, 1, 0, 4, 1, 3, 1]
[2, 1, 5, 4, 1, 3, 1]
[0, 0, 0, 0, 1, 0, 0]
[2, 1, 5, 4, 0, 3, 1]
[2, 1, 5, 4, 2, 3, 1]
[2, 1, 5, 4, 0, 3, 1]
[2, 1, 5, 4, 2, 3, 1]
[0, 0, 1, 0, 0, 0, 0]
[2, 1, 0, 4, 2, 3, 1]
[2, 1, 6, 4, 2, 3, 1]
[2, 1, 0, 4, 2, 3, 1]
[2, 1, 6, 4, 2, 3, 1]
[0, 0, 0, 0, 1, 0, 0]
[2, 1, 6, 4, 0, 3, 1]
[2, 1, 6, 4, 3, 3, 1]
[2, 1, 6, 4, 0, 3, 1]
[2, 1, 6, 4, 3, 3, 1]
[1, 0, 0, 0, 0, 0, 0]
[0, 1, 6, 4, 3, 3, 1]
[3, 1, 6, 4, 3, 3, 1]
[0, 1, 6, 4, 3, 3, 1]
[3, 1, 6, 4, 3, 3, 1]
