[0, 0, 0, 0, 1, 0, 0]2014-03-03 12:56:12
[0, 0, 0, 1, 1, 0, 0]2014-03-03 12:56:26
[0, 1, 0, 1, 1, 0, 0]2014-03-03 12:56:47
[0, 1, 0, 2, 1, 0, 0]2014-03-03 12:57:28
[0, 1, 0, 3, 1, 0, 0]2014-03-03 12:57:47
[0, 1, 1, 3, 1, 0, 0]2014-03-03 12:58:05
[0, 1, 2, 3, 1, 0, 0]2014-03-03 12:58:44
[0, 2, 2, 3, 1, 0, 0]2014-03-03 12:59:00
[0, 2, 2, 3, 2, 0, 0]2014-03-03 12:59:06
[0, 2, 3, 3, 2, 0, 0]2014-03-03 12:59:19
[0, 2, 4, 3, 2, 0, 0]2014-03-03 12:59:33
[0, 2, 4, 3, 3, 0, 0]2014-03-03 12:59:36
[0, 2, 4, 3, 4, 0, 0]2014-03-03 12:59:46
[0, 3, 4, 3, 4, 0, 0]2014-03-03 12:59:49
[0, 3, 4, 3, 5, 0, 0]2014-03-03 13:00:02
[0, 0, 0, 0, 0, 0, 1]2014-03-03 13:02:14
[0, 0, 0, 0, 1, 0, 1]2014-03-03 13:02:19
[0, 0, 0, 1, 1, 0, 1]2014-03-03 13:02:22
[0, 0, 0, 1, 1, 0, 2]2014-03-03 13:02:33
[0, 0, 0, 2, 1, 0, 2]2014-03-03 13:02:39
[0, 1, 0, 2, 1, 0, 2]2014-03-03 13:02:49
[0, 1, 0, 3, 1, 0, 2]2014-03-03 13:02:54
[0, 1, 0, 4, 1, 0, 2]2014-03-03 13:03:11
[1, 0, 0, 0, 0, 0, 0]2014-03-03 13:03:20
[1, 0, 0, 0, 0, 0, 0]2014-03-03 13:05:48
[1, 0, 0, 0, 0, 1, 0]2014-03-03 13:06:05
[1, 0, 0, 0, 1, 1, 0]2014-03-03 13:06:49
[2, 0, 0, 0, 1, 1, 0]2014-03-03 13:06:52
[2, 0, 0, 0, 2, 1, 0]2014-03-03 13:06:55
[2, 0, 0, 1, 2, 1, 0]2014-03-03 13:06:59
[2, 0, 1, 1, 2, 1, 0]2014-03-03 13:07:03
[2, 0, 1, 1, 2, 1, 1]2014-03-03 13:07:06
[2, 1, 1, 1, 2, 1, 1]2014-03-03 13:07:36
[2, 1, 1, 2, 2, 1, 1]2014-03-03 13:08:05
[0, 0, 0, 0, 0, 0, 0]2014-03-03 13:08:20
[0, 0, 0, 0, 0, 1, 0]2014-03-03 13:08:25
[0, 0, 0, 1, 0, 1, 0]2014-03-03 13:08:54
[0, 0, 0, 2, 0, 1, 0]2014-03-03 13:09:16
[0, 0, 0, 1, 0, 0, 0]2014-03-03 13:09:34
[0, 0, 0, 1, 0, 0, 0]2014-03-03 13:09:56
[0, 0, 0, 1, 0, 0, 1]2014-03-03 13:10:00
[0, 0, 0, 1, 0, 1, 1]2014-03-03 13:10:04
[0, 0, 1, 1, 0, 1, 1]2014-03-03 13:10:09
[0, 0, 1, 1, 1, 1, 1]2014-03-03 13:10:19
[0, 1, 1, 1, 1, 1, 1]2014-03-03 13:10:22
[0, 1, 1, 1, 2, 1, 1]2014-03-03 13:10:46
[0, 0, 0, 0, 0, 0, 0]2014-03-03 13:11:12
[0, 0, 0, 0, 1, 0, 0]2014-03-03 13:11:15
[0, 0, 0, 0, 1, 1, 0]2014-03-03 13:11:18
[0, 0, 0, 0, 0, 1, 0]2014-03-03 13:11:59
[0, 0, 0, 1, 0, 0, 0]2014-03-03 13:12:38
[0, 0, 0, 2, 0, 0, 0]2014-03-03 13:12:48
[0, 0, 0, 3, 0, 0, 0]2014-03-03 13:13:21
[0, 0, 0, 3, 0, 0, 1]2014-03-03 13:13:59
[0, 0, 0, 4, 0, 0, 1]2014-03-03 13:14:25
[0, 0, 0, 4, 1, 0, 1]2014-03-03 13:14:30
[0, 0, 0, 4, 2, 0, 1]2014-03-03 13:15:14
[0, 0, 0, 5, 2, 0, 1]2014-03-03 13:15:28
[0, 0, 0, 5, 2, 0, 2]2014-03-03 13:15:33
[0, 0, 0, 6, 2, 0, 2]2014-03-03 13:15:42
[0, 0, 0, 6, 3, 0, 2]2014-03-03 13:15:52
[0, 0, 0, 6, 3, 1, 2]2014-03-03 13:16:04
[0, 0, 1, 6, 3, 1, 2]2014-03-03 13:16:15
[0, 0, 1, 7, 3, 1, 2]2014-03-03 13:16:18
[0, 0, 1, 7, 4, 1, 2]2014-03-03 13:16:22
[0, 0, 1, 8, 4, 1, 2]2014-03-03 13:16:25
[0, 0, 2, 8, 4, 1, 2]2014-03-03 13:16:57
[0, 0, 3, 8, 4, 1, 2]2014-03-03 13:17:34
[0, 1, 3, 8, 4, 1, 2]2014-03-03 13:18:33
[0, 0, 0, 0, 0, 1, 0]2014-03-03 13:18:51
[0, 0, 1, 0, 0, 1, 0]2014-03-03 13:19:01
[0, 0, 1, 0, 1, 1, 0]2014-03-03 13:19:50
[0, 0, 1, 0, 2, 1, 0]2014-03-03 13:20:15
[0, 0, 2, 0, 2, 1, 0]2014-03-03 13:20:27
[0, 0, 2, 0, 3, 1, 0]2014-03-03 13:20:54
[0, 0, 2, 0, 3, 2, 0]2014-03-03 13:21:10
[0, 0, 3, 0, 3, 2, 0]2014-03-03 13:21:52
[1, 0, 3, 0, 3, 2, 0]2014-03-03 13:22:41
[1, 0, 4, 0, 3, 2, 0]2014-03-03 13:23:19
[1, 0, 4, 0, 3, 3, 0]2014-03-03 13:23:25
[1, 0, 4, 0, 4, 3, 0]2014-03-03 13:23:30
[1, 0, 5, 0, 4, 3, 0]2014-03-03 13:23:41
[1, 0, 6, 0, 4, 3, 0]2014-03-03 13:24:07
[1, 0, 7, 0, 4, 3, 0]2014-03-03 13:24:38
[1, 0, 8, 0, 4, 3, 0]2014-03-03 13:25:31
[1, 0, 8, 0, 5, 3, 0]2014-03-03 13:25:42
[1, 0, 8, 0, 6, 3, 0]2014-03-03 13:25:48
[1, 0, 8, 0, 6, 4, 0]2014-03-03 13:26:05
[0, 0, 0, 0, 1, 0, 0]2014-03-03 13:26:47
[0, 0, 0, 1, 1, 0, 0]2014-03-03 13:27:14
[0, 0, 0, 1, 1, 1, 0]2014-03-03 13:28:11
[0, 0, 0, 2, 1, 1, 0]2014-03-03 13:28:17
[1, 0, 0, 2, 1, 1, 0]2014-03-03 13:28:25
[1, 0, 1, 2, 1, 1, 0]2014-03-03 13:28:31
[1, 0, 1, 2, 1, 1, 1]2014-03-03 13:28:35
[1, 0, 1, 2, 1, 2, 1]2014-03-03 13:29:13
[1, 0, 1, 3, 1, 2, 1]2014-03-03 13:29:37
[2, 0, 1, 3, 1, 2, 1]2014-03-03 13:29:49
[2, 0, 1, 3, 1, 3, 1]2014-03-03 13:30:17
[2, 0, 1, 4, 1, 3, 1]2014-03-03 13:30:36
[2, 0, 2, 4, 1, 3, 1]2014-03-03 13:31:01
[2, 0, 3, 4, 1, 3, 1]2014-03-03 13:31:30
[2, 1, 3, 4, 1, 3, 1]2014-03-03 13:31:53
[2, 1, 4, 4, 1, 3, 1]2014-03-03 13:32:03
[2, 1, 5, 4, 1, 3, 1]2014-03-03 13:32:40
[2, 1, 5, 4, 2, 3, 1]2014-03-03 13:32:43
[2, 1, 6, 4, 2, 3, 1]2014-03-03 13:32:52
[2, 1, 6, 4, 3, 3, 1]2014-03-03 13:33:20
[3, 1, 6, 4, 3, 3, 1]2014-03-03 13:33:47
